0 0.108441 0.504170 0.098085 0.291174
0 0.054123 0.435372 0.059789 0.143850
0 0.548261 0.639680 0.039859 0.152189
0 0.663150 0.541001 0.027354 0.103544
0 0.774131 0.709173 0.059398 0.156359
0 0.935131 0.797776 0.064869 0.169562
0 0.287222 0.520848 0.032044 0.050730
0 0.315162 0.520500 0.019930 0.066713
0 0.335678 0.522238 0.025010 0.072967
0 0.367331 0.478110 0.021102 0.048645
0 0.491012 0.386379 0.015240 0.052814
1 0.196952 0.166782 0.090660 0.332175
1 0.320438 0.120570 0.042204 0.141070
1 0.071317 0.185546 0.141852 0.369701
1 0.512700 0.173384 0.086753 0.343989
