0 0.528136 0.493051 0.023837 0.067408
0 0.310864 0.553162 0.029308 0.086171
0 0.332747 0.554899 0.018367 0.056289
0 0.410903 0.590688 0.019930 0.066713
0 0.354240 0.527797 0.011333 0.045170
0 0.317507 0.482627 0.019930 0.050730
0 0.500586 0.472898 0.014068 0.029882
0 0.405627 0.456915 0.013286 0.042391
0 0.416960 0.474635 0.007816 0.030577
1 0.189723 0.283878 0.055881 0.439889
1 0.111958 0.258860 0.076202 0.305073
1 0.079914 0.205003 0.041813 0.220987
1 0.047089 0.285268 0.093396 0.412092
1 0.376319 0.401320 0.243845 0.801251
1 0.635404 0.131689 0.045330 0.261987
1 0.794646 0.248784 0.245799 0.464211
1 0.927120 0.228978 0.118406 0.456567
