0 0.751075 0.700139 0.085971 0.334260
0 0.631497 0.537874 0.060961 0.187630
0 0.539469 0.538916 0.033216 0.085476
0 0.436694 0.447533 0.029308 0.075052
0 0.332356 0.460389 0.027745 0.064628
0 0.283314 0.546560 0.048456 0.134121
0 0.213365 0.548297 0.039078 0.097290
0 0.174678 0.543085 0.033607 0.106324
0 0.076983 0.528839 0.034388 0.068103
0 0.645174 0.359277 0.021884 0.087561
0 0.601016 0.302988 0.021102 0.061154
0 0.702032 0.340514 0.016803 0.037526
1 0.450176 0.330090 0.039078 0.155664
1 0.503126 0.293607 0.059007 0.223072
1 0.569949 0.274844 0.058226 0.213343
1 0.776866 0.240445 0.109418 0.209868
1 0.865768 0.162960 0.149668 0.324531
1 0.176436 0.358582 0.039469 0.133426
1 0.089683 0.387074 0.051973 0.151494
