1 0.121923 0.143502 0.082845 0.285615
1 0.228410 0.350591 0.040250 0.135511
1 0.341344 0.461084 0.216100 0.335650
1 0.800508 0.376650 0.188746 0.751911
1 0.901329 0.380125 0.116061 0.439194
1 0.572880 0.403058 0.075029 0.403058
1 0.644783 0.375608 0.066432 0.391244
1 0.298163 0.207783 0.051583 0.194580
1 0.459750 0.410702 0.132474 0.262682
1 0.734662 0.405490 0.043767 0.120222
0 0.433568 0.607366 0.019930 0.059764
0 0.572489 0.593120 0.022665 0.061849
0 0.489449 0.607366 0.024619 0.055594
0 0.594373 0.604934 0.014850 0.047950
0 0.470301 0.562543 0.011333 0.060459
0 0.449199 0.543085 0.016022 0.068798
0 0.397616 0.575052 0.029308 0.072967
0 0.423408 0.567060 0.018367 0.062543
0 0.439039 0.555594 0.017585 0.067408
0 0.511528 0.591383 0.017194 0.058374
