0 0.471473 0.642113 0.158265 0.485059
0 0.562524 0.487491 0.023837 0.086866
0 0.605119 0.563933 0.037124 0.127172
0 0.628175 0.453092 0.016022 0.052814
0 0.648105 0.457609 0.027745 0.107714
0 0.753615 0.414871 0.030871 0.108409
0 0.296991 0.410354 0.042204 0.104934
0 0.339390 0.442321 0.025401 0.064628
0 0.090465 0.295691 0.023837 0.075747
0 0.411684 0.446838 0.010551 0.038916
1 0.306760 0.194232 0.082063 0.387074
1 0.357171 0.192842 0.051583 0.384295
1 0.418523 0.158791 0.073466 0.316192
1 0.092810 0.164003 0.184838 0.326616
1 0.664713 0.171300 0.125830 0.341209
