0 0.140680 0.674427 0.280578 0.651147
0 0.326690 0.512856 0.074248 0.246004
0 0.539078 0.606324 0.142634 0.389854
0 0.897421 0.534399 0.148886 0.309937
0 0.689527 0.564976 0.097304 0.255733
0 0.690113 0.469771 0.075029 0.216817
0 0.628175 0.332870 0.073075 0.293259
0 0.567018 0.326963 0.073466 0.278666
0 0.445682 0.466296 0.040250 0.155664
0 0.478116 0.471855 0.048066 0.194580
0 0.549043 0.322794 0.061743 0.232801
1 0.805588 0.167130 0.120750 0.332870
1 0.652013 0.173037 0.100430 0.344684
1 0.418914 0.316192 0.028918 0.126477
1 0.026182 0.202224 0.051583 0.161223
