0 0.505275 0.492356 0.064088 0.205003
0 0.634818 0.578527 0.062134 0.245309
0 0.871434 0.717860 0.056272 0.151494
0 0.662564 0.575747 0.033216 0.166088
0 0.440993 0.457609 0.026964 0.104934
0 0.378664 0.420083 0.060180 0.186935
0 0.343689 0.437804 0.045721 0.137596
0 0.273740 0.438846 0.044939 0.145240
0 0.315358 0.436414 0.043767 0.143155
1 0.570535 0.243919 0.072685 0.447533
1 0.655334 0.206046 0.075811 0.410702
1 0.762212 0.216122 0.037905 0.154274
1 0.121923 0.234190 0.243064 0.466991
1 0.367917 0.194927 0.235639 0.382905
