0 0.315358 0.664003 0.174287 0.485754
0 0.527941 0.554204 0.048456 0.179986
0 0.493943 0.532314 0.029699 0.061154
0 0.594568 0.518068 0.032435 0.150799
0 0.927120 0.489229 0.061352 0.137596
0 0.772958 0.367269 0.048456 0.174427
0 0.820633 0.509729 0.052364 0.213343
0 0.787417 0.549340 0.041422 0.175817
0 0.718835 0.503475 0.035561 0.138290
0 0.755569 0.531272 0.041813 0.185546
0 0.889605 0.500695 0.054318 0.113273
1 0.415006 0.266505 0.095350 0.421821
1 0.124072 0.150799 0.048847 0.219597
1 0.166862 0.129951 0.057835 0.258513
1 0.575811 0.282488 0.151231 0.563586
1 0.714342 0.232453 0.060961 0.463516
1 0.791325 0.208131 0.039078 0.152189
1 0.930832 0.244267 0.064088 0.202224
