0 0.135014 0.599375 0.073857 0.157748
0 0.340563 0.686588 0.123095 0.287700
0 0.336460 0.346769 0.025791 0.086171
0 0.419891 0.518763 0.036342 0.102154
0 0.548066 0.627519 0.058226 0.225156
0 0.596717 0.632731 0.054709 0.181376
0 0.630715 0.506949 0.030481 0.149409
0 0.566237 0.520153 0.042986 0.064628
0 0.696561 0.421821 0.028527 0.077832
0 0.790152 0.412439 0.040641 0.096595
0 0.554318 0.242182 0.020711 0.060459
0 0.654162 0.250174 0.021884 0.079222
1 0.275498 0.120917 0.073466 0.232106
1 0.117819 0.086518 0.095741 0.171647
1 0.673310 0.116400 0.196170 0.231411
