0 0.702227 0.703961 0.039859 0.090341
0 0.662954 0.575747 0.028527 0.066018
0 0.641071 0.644545 0.024619 0.056289
0 0.570926 0.605976 0.014068 0.062543
0 0.551583 0.600764 0.023056 0.079917
0 0.494529 0.548992 0.019148 0.047255
0 0.447636 0.534746 0.019148 0.049340
0 0.473623 0.520848 0.012505 0.042391
0 0.535756 0.561501 0.023447 0.062543
1 0.224111 0.359625 0.067605 0.396803
1 0.052364 0.337735 0.094568 0.401668
1 0.116452 0.333912 0.056272 0.321751
1 0.592810 0.274496 0.048456 0.282140
1 0.532044 0.443711 0.153576 0.250869
1 0.433959 0.429812 0.033216 0.056289
1 0.402110 0.463864 0.021884 0.042391
1 0.780969 0.427380 0.341149 0.853370
1 0.790152 0.392634 0.196952 0.347464
1 0.935131 0.462474 0.056272 0.234190
