0 0.539273 0.570535 0.048456 0.138985
0 0.809105 0.735580 0.088707 0.296734
0 0.834310 0.580264 0.043767 0.137596
0 0.649472 0.412787 0.019539 0.063933
0 0.691872 0.410354 0.018367 0.059069
0 0.473623 0.499305 0.029699 0.064628
0 0.176241 0.311675 0.064088 0.113273
0 0.039273 0.275539 0.049629 0.088256
0 0.259867 0.351981 0.025791 0.060459
0 0.229973 0.356498 0.033998 0.077832
0 0.439234 0.485754 0.021102 0.059764
1 0.420086 0.220292 0.071903 0.439194
1 0.510356 0.209868 0.059398 0.382210
1 0.753419 0.186588 0.147714 0.371786
