0 0.201250 0.578874 0.052364 0.154274
0 0.305197 0.573662 0.052364 0.200834
0 0.511528 0.540306 0.021102 0.104934
0 0.496678 0.529534 0.021884 0.095900
0 0.398398 0.450660 0.014459 0.081306
0 0.374756 0.538568 0.023447 0.108409
0 0.451544 0.486449 0.023056 0.080612
0 0.359906 0.468728 0.026573 0.117443
0 0.159633 0.539958 0.036342 0.069493
0 0.212778 0.514246 0.018367 0.062543
0 0.330793 0.526060 0.019930 0.086171
0 0.373193 0.454482 0.014850 0.077832
0 0.388433 0.464559 0.015631 0.067408
0 0.412466 0.449270 0.015240 0.081306
0 0.421454 0.443016 0.016022 0.075747
0 0.433959 0.475330 0.014459 0.062543
1 0.172724 0.428770 0.031262 0.098680
1 0.766901 0.346074 0.282532 0.690757
1 0.523056 0.358582 0.062915 0.300208
1 0.044353 0.358235 0.033998 0.089646
1 0.304807 0.428770 0.022665 0.125087
1 0.439234 0.392286 0.017194 0.106324
