0 0.289371 0.498263 0.047284 0.084781
0 0.459555 0.413134 0.029699 0.057679
0 0.574443 0.464211 0.049238 0.179291
0 0.514263 0.454135 0.039859 0.118833
0 0.648886 0.432940 0.028527 0.107019
0 0.832161 0.441279 0.033216 0.140375
0 0.746776 0.380473 0.028918 0.082696
0 0.711215 0.342252 0.021884 0.097985
0 0.677804 0.363447 0.023837 0.086171
0 0.632669 0.359972 0.025010 0.093120
0 0.650059 0.346769 0.016022 0.079222
0 0.513286 0.385685 0.023056 0.055594
0 0.496092 0.416956 0.023056 0.082001
0 0.805002 0.425295 0.030481 0.105629
0 0.607464 0.411397 0.019930 0.084781
1 0.309496 0.194232 0.039859 0.160528
1 0.340367 0.247741 0.023447 0.074357
1 0.382376 0.291522 0.025401 0.071577
1 0.878273 0.200139 0.116061 0.383600
1 0.188355 0.304378 0.242282 0.597637
1 0.581673 0.329395 0.029308 0.120917
1 0.734076 0.271022 0.029308 0.143155
1 0.682102 0.284920 0.036342 0.094510
1 0.644588 0.288047 0.031653 0.097985
1 0.759672 0.309243 0.027354 0.104239
1 0.805588 0.321056 0.018367 0.072272
