0 0.573466 0.499305 0.093396 0.503822
0 0.836069 0.548992 0.050410 0.172342
0 0.445682 0.517373 0.066823 0.259208
0 0.382767 0.498958 0.048066 0.218207
0 0.280774 0.500347 0.048066 0.223767
0 0.084408 0.410354 0.079719 0.173037
0 0.221180 0.354760 0.075029 0.195274
0 0.264556 0.347116 0.045330 0.173037
0 0.335287 0.352675 0.053146 0.179986
0 0.387065 0.379083 0.039469 0.120222
0 0.481047 0.468033 0.028918 0.097985
1 0.731731 0.237665 0.253615 0.473940
1 0.570731 0.136901 0.070731 0.272411
1 0.880422 0.391939 0.053146 0.208478
