1 0.116647 0.370396 0.232513 0.703266
1 0.265338 0.299166 0.064869 0.235580
1 0.338413 0.421821 0.060180 0.416956
1 0.400938 0.465254 0.034388 0.146630
1 0.503908 0.395761 0.044158 0.235580
1 0.600039 0.377693 0.112153 0.620570
1 0.720203 0.375956 0.055490 0.152884
1 0.901133 0.361710 0.095350 0.539958
0 0.451934 0.683461 0.025401 0.127172
0 0.541813 0.658443 0.011333 0.049340
0 0.518562 0.653231 0.012505 0.031967
0 0.428488 0.640028 0.017585 0.038916
0 0.363228 0.622655 0.034779 0.100069
0 0.400547 0.590688 0.035170 0.090341
0 0.398007 0.618833 0.020711 0.095205
0 0.273154 0.667477 0.032044 0.072967
0 0.245213 0.661571 0.018367 0.069493
0 0.318093 0.645587 0.017194 0.044475
0 0.490035 0.656706 0.023447 0.086171
0 0.473818 0.646630 0.018367 0.066018
0 0.368503 0.570535 0.019539 0.045865
