0 0.132083 0.553509 0.078156 0.136901
0 0.312231 0.563586 0.058617 0.269632
0 0.406995 0.522933 0.059789 0.160528
0 0.486323 0.580612 0.073075 0.296734
0 0.564283 0.486796 0.048456 0.150799
0 0.599648 0.529534 0.046503 0.182071
0 0.813208 0.646977 0.096913 0.441974
0 0.854435 0.326268 0.053537 0.299514
0 0.889410 0.351633 0.053927 0.302988
0 0.715905 0.356845 0.082845 0.402363
0 0.670184 0.391591 0.067214 0.318972
0 0.649668 0.471161 0.053537 0.129256
0 0.742673 0.318624 0.073075 0.285615
1 0.241891 0.222724 0.116452 0.431550
1 0.572294 0.214732 0.070731 0.428075
1 0.639117 0.229673 0.033998 0.124392
1 0.304220 0.146630 0.063697 0.164003
