0 0.114498 0.657401 0.064088 0.145935
0 0.357952 0.599722 0.045330 0.159833
0 0.350332 0.517026 0.019148 0.056984
0 0.369285 0.540653 0.038296 0.088951
0 0.418718 0.509382 0.037124 0.102849
0 0.474209 0.468033 0.026964 0.088256
0 0.530676 0.446491 0.042204 0.081306
0 0.752638 0.347116 0.078156 0.227241
0 0.656702 0.405142 0.031653 0.058374
0 0.632864 0.417304 0.023837 0.057679
0 0.489058 0.477762 0.017585 0.047950
0 0.539469 0.446838 0.027745 0.055594
1 0.237984 0.541696 0.030481 0.125782
1 0.301290 0.515983 0.041422 0.134121
1 0.544353 0.255038 0.067214 0.412787
