0 0.038101 0.703614 0.075420 0.236970
0 0.115084 0.646630 0.085580 0.160528
0 0.171747 0.614315 0.033216 0.079222
0 0.205549 0.596942 0.032825 0.061154
0 0.343298 0.530229 0.042595 0.105629
0 0.402306 0.559069 0.042595 0.156359
0 0.804025 0.663655 0.111372 0.386379
0 0.676241 0.575400 0.049629 0.198749
0 0.639312 0.544823 0.034388 0.107019
0 0.544939 0.516678 0.023056 0.088256
0 0.533021 0.468033 0.033607 0.142460
0 0.485346 0.548297 0.031262 0.104239
0 0.468152 0.525712 0.025791 0.095205
0 0.509379 0.470118 0.023056 0.103544
0 0.563306 0.546908 0.027745 0.109798
1 0.090074 0.266157 0.068386 0.200139
1 0.629738 0.343294 0.070731 0.321056
1 0.400547 0.447533 0.025791 0.111188
1 0.665690 0.224809 0.070731 0.448228
1 0.288394 0.454482 0.030481 0.138985
1 0.452325 0.420431 0.033998 0.115358
